0 49 45 44 47 46 43 43 47 46 43 44 47 47 44 45 49 
1 58 55 54 55 57 54 53 55 56 53 53 55 56 54 54 55 
2 65 64 64 66 63 62 64 66 63 62 64 67 63 63 65 67 
3 74 74 76 78 72 73 75 78 73 73 75 78 73 74 76 79 
4 88 87 87 86 87 86 85 85 87 86 84 84 87 86 84 84 
5 97 96 96 95 97 96 95 95 97 96 95 95 96 96 95 95 
6 103 103 104 104 103 104 104 104 103 104 104 104 103 104 104 104 
7 112 113 114 114 112 113 114 113 111 112 114 113 111 112 114 114 
8 123 124 124 123 123 124 124 124 123 124 124 124 123 124 124 124 
9 131 132 132 132 132 133 133 132 132 133 133 132 132 133 133 132 
10 143 143 143 143 143 143 143 143 143 143 143 143 143 143 143 142 
11 153 153 153 153 153 154 153 153 153 154 153 153 153 154 153 152 
12 162 164 164 164 162 164 164 164 162 163 164 164 162 163 164 163 
13 173 175 175 174 174 176 176 174 175 176 176 174 175 176 175 174 
14 190 191 192 192 190 192 192 192 191 192 192 190 191 192 191 189 
15 206 208 208 206 207 209 208 206 207 209 208 206 207 208 207 206 
